name: DANEELpath
channels:
  - pytorch
  - conda-forge
  - defaults
dependencies:
  - blas=1.0=mkl
  - brotli-python=1.0.9=py310hd77b12b_8
  - bzip2=1.0.8=h2bbff1b_6
  - ca-certificates=2024.9.24=haa95532_0
  - certifi=2024.8.30=pyhd8ed1ab_0
  - charset-normalizer=3.3.2=pyhd3eb1b0_0
  - colorama=0.4.6=pyhd8ed1ab_0
  - cpuonly=2.0=0
  - filelock=3.13.1=py310haa95532_0
  - freetype=2.12.1=ha860e81_0
  - fsspec=2024.10.0=pyhff2d567_0
  - giflib=5.2.2=h7edc060_0
  - gmpy2=2.1.2=py310h7f96b67_0
  - idna=3.7=py310haa95532_0
  - intel-openmp=2023.1.0=h59b6b97_46320
  - jinja2=3.1.4=py310haa95532_1
  - jpeg=9e=h827c3e9_3
  - lcms2=2.12=h83e58a3_0
  - lerc=3.0=hd77b12b_0
  - libdeflate=1.17=h2bbff1b_1
  - libffi=3.4.4=hd77b12b_1
  - libjpeg-turbo=2.0.0=h196d8e1_0
  - libpng=1.6.39=h8cc25b3_0
  - libtiff=4.5.1=hd77b12b_0
  - libuv=1.48.0=h827c3e9_0
  - libwebp=1.3.2=hbc33d0d_0
  - libwebp-base=1.3.2=h3d04722_1
  - lightning=2.4.0=pyhd8ed1ab_0
  - lightning-utilities=0.11.9=pyhff2d567_0
  - lz4-c=1.9.4=h2bbff1b_1
  - markupsafe=2.1.3=py310h2bbff1b_0
  - mkl=2023.1.0=h6b88ed4_46358
  - mkl-service=2.4.0=py310h2bbff1b_1
  - mkl_fft=1.3.11=py310h827c3e9_0
  - mkl_random=1.2.8=py310hc64d2fc_0
  - mpc=1.1.0=h7edee0f_1
  - mpfr=4.0.2=h62dcd97_1
  - mpir=3.0.0=hec2e145_1
  - mpmath=1.3.0=py310haa95532_0
  - networkx=3.2.1=py310haa95532_0
  - numpy=2.0.1=py310h055cbcc_1
  - numpy-base=2.0.1=py310h65a83cf_1
  - openjpeg=2.5.2=hae555c5_0
  - openssl=3.4.0=h2466b09_0
  - packaging=24.2=pyhff2d567_1
  - pillow=11.0.0=py310hb5480e2_0
  - pip=24.2=py310haa95532_0
  - pysocks=1.7.1=py310haa95532_0
  - python=3.10.15=h4607a30_1
  - pytorch=2.5.1=py3.10_cpu_0
  - pytorch-lightning=2.4.0=pyhd8ed1ab_0
  - pytorch-mutex=1.0=cpu
  - pyyaml=6.0.2=py310h827c3e9_0
  - requests=2.32.3=py310haa95532_1
  - setuptools=75.1.0=py310haa95532_0
  - sqlite=3.45.3=h2bbff1b_0
  - tbb=2021.8.0=h59b6b97_0
  - tk=8.6.14=h0416ee5_0
  - torchmetrics=1.5.2=pyhe5570ce_0
  - torchvision=0.20.1=py310_cpu
  - tqdm=4.67.1=pyhd8ed1ab_0
  - typing-extensions=4.11.0=py310haa95532_0
  - typing_extensions=4.11.0=py310haa95532_0
  - tzdata=2024b=h04d1e81_0
  - ucrt=10.0.22621.0=h57928b3_1
  - urllib3=2.2.3=py310haa95532_0
  - vc=14.40=h2eaa2aa_1
  - vc14_runtime=14.42.34433=he29a5d6_23
  - vs2015_runtime=14.42.34433=hdffcdeb_23
  - wheel=0.44.0=py310haa95532_0
  - win_inet_pton=1.1.0=py310haa95532_0
  - xz=5.4.6=h8cc25b3_1
  - yaml=0.2.5=he774522_0
  - zlib=1.2.13=h8cc25b3_1
  - zstd=1.5.6=h8880b57_0
  - pip:
      - efficientnet-pytorch==0.7.1
      - huggingface-hub==0.26.3
      - imageio==2.36.1
      - lazy-loader==0.4
      - munch==4.0.0
      - pretrainedmodels==0.7.4
      - safetensors==0.4.5
      - scikit-image==0.24.0
      - scipy==1.14.1
      - segmentation-models-pytorch==0.3.4
      - six==1.16.0
      - sympy==1.13.1
      - tifffile==2024.9.20
      - timm==0.9.7

